windex1200 originalprofil
   1.00000	   0.00000
   0.99645	   0.00029
   0.99053	   0.00083
   0.98388	   0.00150
   0.97650	   0.00230
   0.96858	   0.00318
   0.96045	   0.00410
   0.95234	   0.00510
   0.94419	   0.00625
   0.93586	   0.00755
   0.92739	   0.00898
   0.91886	   0.01052
   0.91020	   0.01219
   0.90131	   0.01395
   0.89221	   0.01573
   0.88300	   0.01751
   0.87378	   0.01929
   0.86464	   0.02107
   0.85553	   0.02289
   0.84645	   0.02475
   0.83740	   0.02666
   0.82841	   0.02860
   0.81943	   0.03061
   0.81045	   0.03267
   0.80144	   0.03480
   0.79238	   0.03699
   0.78325	   0.03923
   0.77404	   0.04153
   0.76477	   0.04385
   0.75548	   0.04619
   0.74622	   0.04854
   0.73699	   0.05090
   0.72774	   0.05329
   0.71847	   0.05570
   0.70920	   0.05810
   0.69996	   0.06047
   0.69069	   0.06281
   0.68138	   0.06515
   0.67205	   0.06749
   0.66272	   0.06984
   0.65339	   0.07220
   0.64405	   0.07458
   0.63472	   0.07696
   0.62538	   0.07936
   0.61606	   0.08175
   0.60680	   0.08413
   0.59761	   0.08647
   0.58853	   0.08876
   0.57957	   0.09098
   0.57072	   0.09312
   0.56198	   0.09516
   0.55339	   0.09711
   0.54498	   0.09891
   0.53658	   0.10053
   0.52800	   0.10204
   0.51924	   0.10352
   0.51038	   0.10495
   0.50147	   0.10633
   0.49253	   0.10765
   0.48361	   0.10892
   0.47473	   0.11011
   0.46591	   0.11123
   0.45717	   0.11225
   0.44849	   0.11317
   0.43984	   0.11397
   0.43117	   0.11468
   0.42249	   0.11528
   0.41377	   0.11579
   0.40502	   0.11622
   0.39626	   0.11655
   0.38750	   0.11681
   0.37875	   0.11697
   0.37002	   0.11704
   0.36129	   0.11701
   0.35256	   0.11688
   0.34383	   0.11666
   0.33508	   0.11635
   0.32632	   0.11595
   0.31754	   0.11546
   0.30877	   0.11488
   0.30000	   0.11422
   0.29123	   0.11346
   0.28249	   0.11263
   0.27375	   0.11171
   0.26504	   0.11070
   0.25636	   0.10960
   0.24771	   0.10842
   0.23909	   0.10715
   0.23052	   0.10578
   0.22197	   0.10432
   0.21344	   0.10276
   0.20490	   0.10109
   0.19637	   0.09933
   0.18785	   0.09748
   0.17939	   0.09556
   0.17099	   0.09356
   0.16266	   0.09146
   0.15440	   0.08927
   0.14619	   0.08698
   0.13804	   0.08459
   0.12995	   0.08211
   0.12197	   0.07956
   0.11410	   0.07689
   0.10627	   0.07409
   0.09849	   0.07121
   0.09087	   0.06829
   0.08348	   0.06532
   0.07634	   0.06231
   0.06949	   0.05926
   0.06294	   0.05615
   0.05669	   0.05299
   0.05073	   0.04976
   0.04508	   0.04652
   0.03979	   0.04334
   0.03493	   0.04031
   0.03057	   0.03744
   0.02669	   0.03470
   0.02321	   0.03211
   0.02013	   0.02971
   0.01743	   0.02743
   0.01504	   0.02528
   0.01289	   0.02330
   0.01096	   0.02148
   0.00926	   0.01977
   0.00778	   0.01812
   0.00648	   0.01655
   0.00535	   0.01502
   0.00437	   0.01354
   0.00355	   0.01209
   0.00286	   0.01067
   0.00224	   0.00931
   0.00171	   0.00800
   0.00126	   0.00673
   0.00089	   0.00551
   0.00057	   0.00433
   0.00033	   0.00319
   0.00014	   0.00209
   0.00002	   0.00103
   0.00000	   0.00000
   0.00006	  -0.00104
   0.00016	  -0.00211
   0.00035	  -0.00319
   0.00069	  -0.00428
   0.00112	  -0.00538
   0.00166	  -0.00648
   0.00233	  -0.00756
   0.00314	  -0.00861
   0.00408	  -0.00963
   0.00514	  -0.01065
   0.00632	  -0.01165
   0.00767	  -0.01260
   0.00915	  -0.01355
   0.01077	  -0.01452
   0.01256	  -0.01550
   0.01456	  -0.01644
   0.01679	  -0.01737
   0.01927	  -0.01837
   0.02204	  -0.01941
   0.02514	  -0.02049
   0.02864	  -0.02162
   0.03259	  -0.02281
   0.03706	  -0.02405
   0.04207	  -0.02536
   0.04763	  -0.02671
   0.05374	  -0.02806
   0.06039	  -0.02936
   0.06765	  -0.03065
   0.07542	  -0.03201
   0.08352	  -0.03343
   0.09175	  -0.03479
   0.10019	  -0.03605
   0.10884	  -0.03727
   0.11751	  -0.03843
   0.12625	  -0.03946
   0.13525	  -0.04044
   0.14437	  -0.04142
   0.15351	  -0.04235
   0.16268	  -0.04323
   0.17187	  -0.04407
   0.18108	  -0.04485
   0.19034	  -0.04559
   0.19964	  -0.04629
   0.20897	  -0.04696
   0.21832	  -0.04760
   0.22767	  -0.04820
   0.23702	  -0.04876
   0.24640	  -0.04928
   0.25580	  -0.04977
   0.26521	  -0.05024
   0.27462	  -0.05067
   0.28404	  -0.05107
   0.29346	  -0.05143
   0.30290	  -0.05177
   0.31234	  -0.05208
   0.32178	  -0.05236
   0.33122	  -0.05261
   0.34066	  -0.05283
   0.35011	  -0.05302
   0.35957	  -0.05318
   0.36904	  -0.05332
   0.37852	  -0.05343
   0.38800	  -0.05351
   0.39748	  -0.05357
   0.40696	  -0.05360
   0.41644	  -0.05360
   0.42592	  -0.05358
   0.43539	  -0.05353
   0.44485	  -0.05346
   0.45430	  -0.05336
   0.46376	  -0.05322
   0.47321	  -0.05306
   0.48265	  -0.05288
   0.49207	  -0.05266
   0.50149	  -0.05240
   0.51090	  -0.05212
   0.52033	  -0.05180
   0.52974	  -0.05145
   0.53913	  -0.05108
   0.54851	  -0.05067
   0.55787	  -0.05022
   0.56721	  -0.04974
   0.57655	  -0.04922
   0.58587	  -0.04866
   0.59516	  -0.04807
   0.60438	  -0.04746
   0.61349	  -0.04680
   0.62249	  -0.04608
   0.63143	  -0.04528
   0.64034	  -0.04440
   0.64926	  -0.04343
   0.65823	  -0.04238
   0.66726	  -0.04125
   0.67636	  -0.04006
   0.68552	  -0.03880
   0.69476	  -0.03749
   0.70408	  -0.03613
   0.71350	  -0.03473
   0.72299	  -0.03331
   0.73252	  -0.03189
   0.74208	  -0.03048
   0.75167	  -0.02906
   0.76127	  -0.02765
   0.77085	  -0.02624
   0.78043	  -0.02483
   0.79000	  -0.02343
   0.79953	  -0.02202
   0.80903	  -0.02061
   0.81849	  -0.01920
   0.82789	  -0.01781
   0.83718	  -0.01645
   0.84628	  -0.01509
   0.85521	  -0.01369
   0.86406	  -0.01230
   0.87299	  -0.01097
   0.88203	  -0.00968
   0.89104	  -0.00843
   0.89986	  -0.00726
   0.90852	  -0.00622
   0.91714	  -0.00530
   0.92587	  -0.00447
   0.93473	  -0.00369
   0.94352	  -0.00292
   0.95206	  -0.00224
   0.96040	  -0.00167
   0.96860	  -0.00119
   0.97650	  -0.00078
   0.98385	  -0.00045
   0.99051	  -0.00021
   0.99644	  -0.00006
   1.00000	   0.00000
